time,x,y,z,phi,theta,psi,x_velocity,y_velocity,z_velocity,phi_velocity,theta_velocity,psi_velocity,rotor_speed1,rotor_speed2,rotor_speed3,rotor_speed4,episode,total_reward
0.5400000000000001,-0.3282997910143751,0.4468149566927832,0.0,5.39245048877493,4.036379795076964,0.0,-1.4463526748706705,1.9434274612134042,-5.046416718896215,7.683833440397112,9.194994672022467,0.0,228.21747947385126,454.05879080247354,373.4872455372205,457.3061142389817,1,-27.0
0.5400000000000001,-0.3279646761560407,0.4432164241487739,0.0,5.42772447034376,4.060814297391865,0.0,-1.423998720398646,1.9236268865780113,-5.072454449240566,7.7243640685808685,9.22146749300796,0.0,228.20568716433934,454.25026981135187,372.7857857049089,457.18797146270566,2,-27.0
0.5400000000000001,-0.32816955686573307,0.4404329698665769,0.0,5.436616785889132,4.064944281764241,0.0,-1.4207638473614141,1.915244017502173,-5.073888574689715,7.723433038581169,9.229801136851028,0.0,228.29358624338494,454.11691802459677,372.7531569237123,456.76127645387567,3,-27.0
0.5400000000000001,-0.3283875743936216,0.4431476517413478,0.0,5.436873276977089,4.083829310755949,0.0,-1.4042357975767774,1.9323809812361061,-5.058497785639318,7.73898578023838,9.253272698185043,0.0,227.8061738464742,453.746800911317,373.7344896312455,458.09316019520116,4,-27.0
0.5400000000000001,-0.32805283689172493,0.44349298941302295,0.0,5.441155437864513,4.091267464031976,0.0,-1.3962489360229717,1.9303598624131855,-5.05820685516477,7.745681876207668,9.260216345381878,0.0,227.61069887695976,453.69663062457005,372.92627410519754,458.06380625443825,5,-27.0
0.6000000000000002,0.12819908668334276,0.9413714085315452,0.0,4.761003116979563,0.17401605176939672,0.0,0.5560508839008493,1.371989100693187,-6.536292777032264,8.073873534507547,1.7965277776703723,0.0,297.2723623619835,388.01658565884424,497.70826177925454,565.4139180292282,6,-30.0
0.5400000000000001,-0.3285171734272953,0.44710339030544344,0.0,5.412339840002943,4.050432906102772,0.0,-1.431540914938339,1.94180928218237,-5.0547953290858025,7.719984418839019,9.207980058712463,0.0,228.7732624648733,453.72747855307557,372.81238093025894,457.6426802854697,7,-27.0
0.6600000000000003,-0.2806648089847868,0.5590329216622663,0.0,4.987990091437826,3.7504626863780572,0.0,-0.7914844004939916,1.11275279789349,-4.959533548200396,3.7848231093190687,16.987941664208947,0.0,104.26275344742895,636.6803641417971,150.161356572644,162.22551043128936,8,-33.0
0.6000000000000002,-0.6520075244564468,-0.016095501007176875,0.0,0.9749620572051212,3.8944587851400136,0.0,-1.8114112890505951,-0.47960615812130336,-5.28597612914521,2.113141762047355,15.717086609495858,0.0,212.49676196194434,577.3724257183858,222.38337076035543,246.4651545877582,9,-30.0
0.48000000000000015,-0.21819646936219322,-0.022993724573926982,0.0,0.6840304590540978,5.9652062763175255,0.0,-0.248771096587381,-0.18565447087897488,-4.750336849655982,1.963778973975639,20.528258222245746,0.0,77.03397638811097,708.6353651989574,74.23727397520031,123.35913026866038,10,-24.0
0.48000000000000015,-0.13586230617190023,-0.01239092967732217,0.0,0.4600387526112808,1.8705038407223427,0.0,-0.3604736784282174,0.04985962488358752,-4.527231929296742,1.1478617697032982,22.46453064793536,0.0,16.162030342581946,767.2128821967939,13.37590187871154,36.338238138440225,11,-24.0
0.48000000000000015,-0.11355109263816413,-0.006984661301028986,0.0,0.31182414265953096,5.5517561568946014,0.0,-0.06989975191505242,-0.06264871103235803,-4.800581684296712,0.7591006846535981,17.520529007165592,0.0,26.81746555431844,555.7242214392936,30.706962787396776,47.64970406715618,12,-24.0
0.48000000000000015,-0.0705734752656286,0.00421909330453476,0.0,0.25699193076832394,1.732424146195866,0.0,-0.4745556804727167,0.06097902558771734,-4.300638196793338,0.7612100758037335,10.484412589646709,0.0,202.3908770796688,391.20378531226913,238.21896113339056,245.22147070741198,13,-24.0
0.48000000000000015,-0.16688557355411754,-0.0007685095312582731,0.0,0.2325227561598675,3.5841778564543585,0.0,-0.48498228452032277,-0.002075014166848254,-4.44789345640816,0.5282409688275047,5.0931795629016285,0.0,36.37239641210815,108.2014720125243,50.83728738271068,53.57795408686003,14,-24.0
0.5400000000000001,-0.12073008030998107,0.007303259574692389,0.0,0.41851818046097744,1.9382085960277973,0.0,-0.4638383897845622,0.003173410611440321,-4.806298180983251,1.0274891171335994,3.2543777116258394,0.0,94.18644996485006,101.1240763878775,105.40710023519274,116.0719240448927,15,-27.0
0.5400000000000001,-0.03416346290383428,0.01649507229357046,0.0,0.6419651173549923,0.8377892993652116,0.0,-0.21265971463617,0.09130202601903803,-4.71385832494619,1.9487400798316574,1.8030426714437864,0.0,146.9361252819958,133.43088333992154,146.8934413216315,191.11744147602602,16,-27.0
0.48000000000000015,-0.005782172179901572,0.009825601274097373,0.0,0.7035126621510823,0.33919865643587777,0.0,-0.04693658759523031,0.07259530664434413,-4.3272076390279866,2.548049215444067,1.1547530133000552,0.0,111.31420558663945,132.88887742752033,118.17385501594669,208.99954840300342,17,-24.0
0.48000000000000015,-0.0022327487661642624,0.016395207076857342,0.0,1.2317430219387857,0.16587054163175008,0.0,-0.018012008240187678,0.10907391195955532,-4.384934321376489,3.819765330274322,0.6198768833210057,0.0,51.91284213221199,83.60685356446783,65.19428878703357,208.7958649765583,18,-24.0
0.48000000000000015,-0.000992815883682108,0.05784394326985028,0.0,2.3402906065346993,0.05153729214241487,0.0,-0.006214767978287133,0.27407819974605996,-4.414643600402689,5.376764270225303,0.15600416329703357,0.0,6.771173686212048,19.492992079338006,14.55177294029127,208.89307655685397,19,-24.0
0.48000000000000015,-0.0001314646678481686,0.10157478119013245,0.0,3.699226035273341,0.011863513757878863,0.0,5.310089099516926e-05,0.2942357223533563,-4.529992345047799,4.934049774819491,0.028142816665565652,0.0,1.0688826657710788,1.783159772842291,2.883238645810753,91.6038824279124,20,-24.0
0.48000000000000015,-7.791283000218175e-05,0.045162541691986614,0.0,2.0987397711187796,0.014117054134044515,0.0,-0.0002447395512773796,0.1376621464183654,-4.443266276401103,3.134826247279516,0.049004292822578184,0.0,8.786918968937023,19.73936783099587,24.69970548960806,53.572288303053014,21,-24.0
0.48000000000000015,-0.00011787455635335247,0.0013802188613465138,0.0,0.22814164131298664,0.03382907281728098,0.0,-0.0018936771876236773,0.015265098468185237,-4.559715642578144,0.2548809835882656,0.1956780317987548,0.0,119.51315994378959,131.42033833309455,215.31015065631493,178.5902732505341,22,-24.0
0.48000000000000015,3.613502228937564e-05,0.0003746095965916437,0.0,6.247229967901031,0.003365029827599564,0.0,0.0004023603733039858,0.004198929362446295,-4.861973565129916,-0.08415720055483855,0.00762600946232439,0.0,-0.2045669149625804,-0.22298426501015606,1.9890408038205791,-0.4984241080669888,23,-24.0
0.48000000000000015,-0.0002099393913928339,0.009720594158541178,0.0,6.2233674745513765,0.010087336789887047,0.0,-0.002430086833137462,0.0625439469916676,-4.057085674057996,-8.046162316087255,0.06960147401740284,0.0,105.6317958125388,113.22070344446774,408.47146370631503,155.4750139943045,24,-24.0
0.48000000000000015,-0.00016964788055453224,0.2593702550157582,0.0,1.9885781334487174,0.001977759775981802,0.0,-0.001475944217017233,1.2760933049522938,-5.173785170024818,-16.64812780877497,0.005985040244967016,0.0,2.3593964269946044,6.655073936130822,607.083354360148,9.842405347034205,25,-24.0
0.5400000000000001,-0.00043699333819264993,0.31107997464512116,0.0,1.6796131565481787,0.0011676134814031514,0.0,-0.0028255091144496302,0.6774530426317806,-5.190515856033108,-27.880680164651697,0.002564104843738909,0.0,0.3235865014068904,0.06669787606645003,877.20666519806,1.8735521699287485,26,-27.0
0.5400000000000001,-0.00015535301832564677,-0.40669147672536515,0.0,3.9912418073214546,0.0004203310130961313,0.0,-0.0009597607003311268,-1.4895556041282256,-4.486141223400564,-28.25045861807127,0.0017277979067633373,0.0,-0.211829955027121,-0.1529069932075135,897.2096220179204,1.4966996681475293,27,-27.0
0.6000000000000002,-0.0001559182350312018,-0.09773589537903851,0.0,3.4044600954286732,0.0003815906230535404,0.0,-0.0009204859507000031,-0.5517398631614466,-4.207717139545614,-28.53149101410869,0.0014999590025532616,0.0,-1.018020782109836,0.44298328825983563,899.2649394268157,-0.24431371385870526,28,-30.0
0.6000000000000002,-5.2274897833967486e-05,0.19428516427370843,0.0,3.788592011264228,9.037416988189051e-05,0.0,-0.0002868851028293207,0.25745855538435536,-4.0063968695114225,-28.795579797613314,0.0001665403420044406,0.0,0.05371869748509717,-0.341525898299784,900.6970173034158,0.8507071018629603,29,-30.0
0.6000000000000002,-6.850802220763685e-05,0.31910607828138554,0.0,3.941291845840418,0.00012558993201761126,0.0,-0.00038087897832860673,0.5791680888321112,-4.013256655988826,-28.777884835505652,0.0002789293532753681,0.0,-0.3277467141877616,0.9005756320331674,899.3400252269386,-0.3405431250082559,30,-30.0
0.6000000000000002,-3.857026942910395e-05,0.40049929379872,0.0,4.074651344179028,6.711305481754692e-05,0.0,-0.00021104680654934912,0.8154944730483065,-4.11370983839392,-28.790051049595963,0.00012403845901710225,0.0,0.44203744222635116,-0.6897729156281407,899.0024912696717,1.793727353829854,31,-30.0
0.6000000000000002,-2.74101214019796e-05,0.4200558572028505,0.0,4.085066504519032,5.70572253693058e-05,0.0,-0.00016014553494478106,0.8567332088528808,-4.11242289221323,-28.79822944806749,0.00011862248374101573,0.0,-0.6865220693466303,-0.1685458320893512,899.2860908435235,1.437746380292753,32,-30.0
0.6000000000000002,-2.2233449411015447e-05,0.44724180239593425,0.0,4.135224223189631,3.708834753624046e-05,0.0,-0.00011989132116307508,0.93599840603413,-4.152473229710928,-28.81318900687426,6.655226914692133e-05,0.0,-0.051868587490930596,-0.47126043163349807,899.8551561875964,1.4917874152560036,33,-30.0
0.6000000000000002,-1.8507132452719156e-05,0.4597438199293694,0.0,4.160399975963291,3.3912102632704944e-05,0.0,-0.00010273282638603648,0.9726983015101404,-4.171145820232947,-28.78381618931623,6.567956660637036e-05,0.0,0.3186802976267849,-0.1987767151652159,898.7138707684657,1.5356608455422842,34,-30.0
0.6000000000000002,-2.8972075329977502e-05,0.4905962996285311,0.0,4.239343735225045,5.106762392070863e-05,0.0,-0.00015859578334438408,1.0751607093479745,-4.25574856498828,-28.806971455941092,9.751798245409012e-05,0.0,0.4332826263197586,0.14863662001754935,899.4081264854901,1.359837603498383,35,-30.0
0.6000000000000002,-1.3808555919897634e-05,0.48300345770117825,0.0,4.183550906167714,2.664431739507478e-05,0.0,-7.80003061337265e-05,1.0280538287896253,-4.189253987341636,-28.79053457738229,5.609841255388629e-05,0.0,0.25704906114001197,-0.34508696094634994,899.1109096867269,1.415005594924911,36,-30.0
0.6000000000000002,-2.3137557033463605e-05,0.5052873686091601,0.0,4.235743043638898,4.280794420274958e-05,0.0,-0.00012844576159550919,1.0996426810169642,-4.2421683651157185,-28.810291211038123,8.977863364297779e-05,0.0,0.018839811177991217,0.1848743253239658,899.4866536298217,4.725890423431741,37,-30.0
0.6000000000000002,-4.2291071179802604e-05,0.4916813597843631,0.0,4.131101802243506,0.00010201631971451519,0.0,-0.0002605141078571799,1.0145201727984174,-4.118284366127928,-28.75046116774928,0.0002753961142812349,0.0,0.33031407957233133,0.8247632585690623,899.1931972107652,33.11701791244356,38,-30.0
0.7200000000000003,-0.00014580361442851833,1.0958317179539816,0.0,6.217263542683787,0.0007744066257027171,0.0,-0.0013008373933283907,4.43304548161893,-1.4225378222211775,-12.029546787470018,0.007436283559442502,0.0,-0.2250498650979299,0.9297429635868799,898.5178500823156,889.0252125695405,39,-36.0
1.9200000000000013,-0.03031651948973587,-10.73978674516181,0.0,2.6778646679492013,0.0026271591272850614,0.0,-0.04717909735939664,-11.319612557119603,-18.17066124232413,-1.626796558690678,0.0014887761347653805,0.0,-0.25860819265685747,0.34235164788217176,899.8665058863211,900.0373099940433,40,-96.0
5.0399999999999805,-0.03404119201271899,-54.93347033114016,44.44499360858519,4.382861979023611,0.0009866301232106522,0.0,-0.01465946222959999,-21.879615713857007,-4.757452486579647,-0.5040423865996619,0.00021559178134713134,0.0,-0.3142538583854683,0.21712614427242724,899.5724335935627,900.3952028970189,41,-252.0
5.0399999999999805,-0.006052946913666557,-28.690243857139272,70.34444032211532,6.022244385317936,0.0002750700578344478,0.0,-0.005020517406245836,-12.344687724743306,15.350370392398734,-0.25691657802782775,4.3856835930721624e-05,0.0,-0.09739097581345693,0.35574965675642467,900.0899100179894,900.0242582674679,42,-220.0
5.0399999999999805,0.00031550905134687576,-33.315863429390475,63.65106721372122,5.22565350833993,6.283169356796446,0.0,0.00013235976170856563,-18.397578881838097,7.243267648461977,-0.3008531119130882,-5.959855103262078e-05,0.0,-0.5926648760344735,0.5483835301766745,899.7658649858122,899.6163367272101,43,-208.0
5.0399999999999805,-0.0008563776244715713,-9.913117637728497,72.80529689038342,5.805395032702613,6.283152819042051,0.0,-0.00019854122973748503,-7.958500427471954,15.72406629089727,-0.03928564594261007,-4.62791953020716e-05,0.0,-0.2172425259166894,-0.04852454775613871,900.0286442990612,900.4398123483455,44,-178.0
5.0399999999999805,0.0012612889209725055,-33.27511211365127,66.17656082370124,5.809609841468085,7.223731733496663e-05,0.0,0.00044910567121941473,-16.774489703871062,11.841830396425808,-0.23213908940032177,0.00011607705689699416,0.0,0.009049812124551582,-0.3204374091707066,900.5716770316302,899.8442826453372,45,-214.0
5.0399999999999805,-0.019525722891060908,-53.8037073301703,47.8582797556653,4.664114500745491,0.00036123237510565787,0.0,-0.008547521923920068,-21.752701197482423,-2.3469746676224217,-0.4395159176781181,7.119812109286031e-06,0.0,-0.20442099056717689,0.6100748344792186,899.5851591067542,899.9939526062009,46,-252.0
2.940000000000002,-0.0025064610263057447,-38.4066063176945,0.0,4.6415043767359485,0.00015333151520469102,0.0,-0.0014174576877145398,-20.73600983267071,-13.410508311807602,-28.776080640512518,4.441167785104328e-05,0.0,0.24666379214829715,0.07322225319640877,897.484664072791,-0.11290234952481243,47,-147.0
0.6000000000000002,-0.004434263069117844,-0.25164817183473887,0.0,4.922866601824991,0.045705427479820315,0.0,-0.044461181373245146,-0.6155607415186426,-3.858212256552106,-27.489379958078313,0.29834309580327417,0.0,0.564408871954441,0.8513080037019496,899.7543806563039,0.13739333530269132,48,-30.0
0.6000000000000002,-0.0034118978789148286,-0.270115497791284,0.0,3.9108223026369497,0.018970415029353482,0.0,-0.025721604668259488,-1.0285081904479028,-4.22777135892888,-27.938341109782723,0.12412159785244567,0.0,0.515778085749489,-0.33626308566346397,899.9587456441761,-0.033116434935549305,49,-30.0
0.6000000000000002,-0.000631834872746471,0.18791984845089635,0.0,3.7602135762032454,0.001124375287086643,0.0,-0.003473112500893745,0.23012305832025154,-3.992010299145082,-28.780402198827918,0.0023990559641572044,0.0,0.2576005174924393,0.44513343859544974,899.6910305798082,0.07563081174003106,50,-30.0
0.6000000000000002,-7.836250613014826e-05,0.4813350257099469,0.0,4.185303347455292,0.00014869563878328051,0.0,-0.00043956335766414355,1.0271554502046711,-4.190887556063515,-28.809152362890632,0.0003155289226685399,0.0,-0.14170549300407417,0.3197007738759694,899.5649389679089,5.525218500027598,51,-30.0
0.6000000000000002,-2.5053145740026505e-05,0.5509998554317614,0.0,4.218348780625156,5.0317664326726685e-05,0.0,-0.00014502280731190891,1.1735337821644438,-4.214914928233298,-28.79530766501125,0.0001047547276951969,0.0,0.20948823139912787,0.09536034465587691,899.080874550345,4.483912820274198,52,-30.0
0.6000000000000002,-5.059863238040807e-06,0.584603969494765,0.0,4.325119046361717,1.166290190557362e-05,0.0,-3.08027625661249e-05,1.2934252939345294,-4.347561022261643,-28.83017981181464,2.7067129679265834e-05,0.0,-0.4784423702327877,0.4101831212711834,900.2675281464358,2.4286455154378226,53,-30.0
0.6000000000000002,-8.312354122006032e-07,0.5977210955395258,0.0,4.365612225896395,9.018580273689736e-07,0.0,-3.780480016023424e-06,1.3401995944320004,-4.398124410176611,-28.82584179757928,-6.719106788398415e-07,0.0,0.35287353709030633,-0.24313743725390288,899.9751699089873,2.1590910574682636,54,-30.0
0.6000000000000002,-5.59328751472931e-06,0.5915437674241126,0.0,4.345346549456103,1.4161856749517199e-05,0.0,-3.482886412415752e-05,1.3193114959209005,-4.367568457939343,-28.832069457053617,4.144472470500678e-05,0.0,0.24681889902169138,0.3857866909599095,900.2213226793913,1.3979211496171768,55,-30.0
0.6000000000000002,-4.3579857186299804e-06,0.6037134910819639,0.0,4.38721891736048,1.0165457571709169e-05,0.0,-2.6650307023757154e-05,1.3618056259666889,-4.424777121251252,-28.807234750005517,2.4768291960672416e-05,0.0,-0.11471561352342655,-0.3574563246982436,899.4161075854962,1.846517627030668,56,-30.0
0.6000000000000002,-1.9248981278100816e-06,0.6133353574057989,0.0,4.401203169144987,3.0145118934399306e-06,0.0,-1.0573452561819175e-05,1.3874617260724504,-4.4434229965292245,-28.828926267166786,-2.459014641924719e-06,0.0,-0.8735137556925847,-0.5814974956655834,900.0944657782068,2.1305975815119482,57,-30.0
0.6000000000000002,-3.279172301922139e-07,0.6172094270123368,0.0,4.418384870343072,6.400498069325522e-07,0.0,-1.3862808511931124e-06,1.4039430212833734,-4.466374332996664,-28.822236050210957,1.7777343189261769e-06,0.0,0.5028099327335613,-0.32985688755750686,899.7490724623307,0.699942946785233,58,-30.0
0.6000000000000002,-9.097817489933786e-07,0.6114823149123468,0.0,4.380107845773466,7.629068514702908e-07,0.0,-4.3141218442051556e-06,1.372066885175224,-4.413782384097643,-28.80657095147434,-2.556527268522027e-06,0.0,0.35069547647236965,-0.2510967576721327,899.5099400237742,1.7149519861935754,59,-30.0
0.6000000000000002,-4.187738455002178e-08,0.6130404534393439,0.0,4.4007665878735285,6.283184930149348,0.0,2.182348482059304e-07,1.3861126176923486,-4.440801746150158,-28.809730801160594,-5.9800766034936505e-06,0.0,0.5006030515013089,-0.06261437885384749,899.5475197753888,-0.5311786669528876,60,-30.0
0.6000000000000002,-4.780780167272613e-07,0.623465879504932,0.0,4.423973271494635,2.401950689012722e-06,0.0,-3.5005561254018756e-06,1.4168616909858909,-4.477335886200587,-28.830997141185623,1.8113894038726292e-05,0.0,0.15784138183478838,-0.8162373589729042,900.2747102723779,1.4568981236475573,61,-30.0
0.5400000000000001,5.816281245483244e-07,0.5269257111555692,0.0,6.191603814376116,6.283181691646281,0.0,5.670740703512921e-06,1.8324613152941338,-4.405917694011707,-28.831849977217793,-1.5461670476173953e-05,0.0,-0.23007012644188254,0.006256107203709199,900.6913129450746,0.33618790066186155,62,-27.0
0.6000000000000002,9.583848085538301e-07,0.6154465832675915,0.0,4.40987022884322,6.283177748275673,0.0,9.578305098111023e-06,1.3955945431675825,-4.454245155328834,-28.81797833981978,-4.787211405244169e-05,0.0,0.7384887866804675,-0.12647646990814854,899.6894233469404,-0.3009273720758955,63,-30.0
0.5400000000000001,-2.5590336866180148e-08,0.5225328008250418,0.0,6.196541143081771,6.283184767599138,0.0,2.3878114313049246e-07,1.8231405977620443,-4.413438393141912,-28.83045025376777,-8.038981844490808e-06,0.0,0.6277686008686062,-0.20983575362668985,900.7328264003706,0.20198586719548428,64,-27.0
0.6000000000000002,1.7567418934448779e-06,0.6214622758045558,0.0,4.421885509529812,6.283179460121268,0.0,1.2983649081779626e-05,1.4125837299009543,-4.468222895857716,-28.818141696491484,-1.4553320481261494e-05,0.0,0.21183710534370997,-0.12397131556332071,899.76039808551,0.7615560331635909,65,-30.0
0.6000000000000002,-9.680144700041234e-07,0.6290619609022585,0.0,4.458274999692591,3.173923992960681e-06,0.0,-6.6911647470235125e-06,1.4449545751737911,-4.519159356853894,-28.81398649236901,1.4396228545569589e-05,0.0,-0.3313529910282678,-0.8164319476220496,899.546516357223,0.9162139052231659,66,-30.0
0.6000000000000002,1.4475119289166065e-06,0.6251185070754464,0.0,4.436289493046331,6.283179807942817,0.0,1.0819867782675126e-05,1.4255763118788969,-4.491830185332658,-28.812010748833,-2.140655085281412e-05,0.0,0.45782544455579516,-0.04275929589960542,899.5023358253973,0.2034735364217158,67,-30.0
0.6000000000000002,1.3109567281473484e-07,0.6230487457011509,0.0,4.431863479103358,6.519683219963213e-07,0.0,8.85462291902074e-08,1.4199220933648502,-4.486621907975999,-28.815351857166842,5.063533127549227e-06,0.0,-0.06831934990118677,0.012559616088692382,899.6993251015596,1.0539712127369603,68,-30.0
0.5400000000000001,7.880169743394212e-07,0.52855044127463,0.0,6.2136099911246525,6.28318300593337,0.0,5.487831493453739e-06,1.8344541419965044,-4.444289677160105,-28.81038130747121,-7.855068525335964e-06,0.0,0.4651042203939388,0.17256857407803966,899.7844917947658,0.15603290279338541,69,-27.0
0.6000000000000002,-3.0165733640875246e-07,0.6221068191550146,0.0,4.435910479084802,1.1241374746617794e-06,0.0,-2.2684872191916504e-06,1.4211357376994374,-4.48955653755628,-28.833099614987812,4.098370015926892e-06,0.0,0.2941108540671413,0.3936631853990633,900.2344221441664,0.9980093000644976,70,-30.0
0.5400000000000001,-5.287466458801948e-07,0.530130723091457,0.0,6.202992952360966,3.210622299576471e-06,0.0,-4.711357858524144e-06,1.8389287225797726,-4.427837130354015,-28.824924655936126,1.8737492959423075e-05,0.0,0.20137146433171008,0.5087966589064918,900.5880973018435,2.058198876530627,71,-27.0
0.6000000000000002,-1.1123309962322477e-08,0.6271908900731036,0.0,4.4526319898570605,2.354954542482801e-08,0.0,-1.182523191232379e-07,1.4392567841357167,-4.510611160136716,-28.846252691917876,2.6475418699748223e-08,0.0,-0.1150987410467021,-0.42837303290073897,900.6730425981668,0.4286619059248957,72,-30.0
0.6000000000000002,-6.00235702947198e-07,0.6273863773977516,0.0,4.440904805137194,1.9188137034831243e-07,0.0,-2.870558783145947e-06,1.4331198400013967,-4.498013974282412,-28.81738259053514,-6.017887303403521e-06,0.0,-0.5877765021401854,-0.014466936045879342,899.7092610990305,0.9803714255877991,73,-30.0
0.5400000000000001,-4.648384856289526e-07,0.5298082122457667,0.0,6.212678721502087,2.0682863350884872e-06,0.0,-4.046449784348378e-06,1.838019220970917,-4.4395748739156815,-28.80872177558741,4.549708164143122e-06,0.0,-0.468086062937342,-0.1439990790142088,899.9201453241301,1.1381304176228704,74,-27.0
0.6000000000000002,-3.118862901675787e-07,0.6303983209505863,0.0,4.4545571980931875,6.830756902331814e-07,0.0,-1.7345222820052493e-06,1.4456156595408134,-4.515829179773395,-28.838857263037166,3.313594400806632e-06,0.0,0.09762810350366288,-0.5387296534740474,900.5167059358624,1.13584255881171,75,-30.0
0.5400000000000001,-6.300975749555073e-07,0.5307639868020124,0.0,6.186491094990218,2.001569786358459e-06,0.0,-4.4253710049551926e-06,1.8394790647261297,-4.3989772753607035,-28.821489496756854,8.844256537232794e-06,0.0,-0.03908930020840541,0.5195292203746296,900.3110165035481,1.1115340036699455,76,-27.0
0.6000000000000002,-6.018375469966164e-08,0.6313168487545406,0.0,4.452894028003776,9.253462227576392e-07,0.0,-1.0821452710056082e-06,1.4470781755608881,-4.514812785628827,-28.847812795815162,4.552286139969569e-06,0.0,0.04950894628266987,-0.4615498354535741,900.7068842586607,0.8118782523484873,77,-30.0
0.6000000000000002,2.4621861340474494e-08,0.6277644245741462,0.0,4.436912776274827,1.116766763509247e-06,0.0,-9.959721695688775e-07,1.4323867313091747,-4.4882486083649935,-28.822093499232256,5.235304861278913e-06,0.0,0.1793349861984448,-0.32931227079649106,899.800882155664,0.7148068872722309,78,-30.0
0.6000000000000002,1.0626851911764757e-08,0.6231547233578184,0.0,4.404437392755346,6.2831847320682215,0.0,4.1518025232403304e-07,1.4062070732607548,-4.4509659954032745,-28.828399874338707,-4.2790667386563375e-06,0.0,-0.14455147530386625,-0.014764208080908024,900.2042258325445,-0.028856089970110237,79,-30.0
0.5400000000000001,-3.433170318791174e-07,0.5333770362282032,0.0,6.200200872934629,2.156518536189367e-06,0.0,-3.285740066560414e-06,1.8453541091950878,-4.422437295367833,-28.820169079041754,9.370200858033277e-06,0.0,0.24021280295444264,-0.016506145088072244,900.1712405672467,0.6105046365453616,80,-27.0
0.6000000000000002,-1.7519641158886067e-06,0.625178944040054,0.0,4.41691499662042,2.5271927084347112e-06,0.0,-9.929907490150864e-06,1.4170288911976816,-4.462441939828373,-28.80949044717406,-4.006678958134009e-06,0.0,-0.5302796418050126,0.17619631535654523,899.6042539523586,1.073346052871184,81,-30.0
0.6000000000000002,3.9503745582780694e-07,0.6323759800431915,0.0,4.436673531663118,6.283183629951715,0.0,3.268058697495726e-06,1.4400165883539173,-4.492853175732285,-28.81965815177764,-4.9852098291312834e-06,0.0,0.11841440641747907,0.10221100371493441,899.8027780578246,0.24985613029181972,82,-30.0
0.6000000000000002,7.915935224795088e-07,0.6243071643642597,0.0,4.421775426424066,1.422765230074674e-07,0.0,3.0027280453175675e-06,1.417087448624776,-4.4679455935662595,-28.8187287905365,-2.418700515465598e-06,0.0,0.9288806284016776,0.5166061325586834,899.746189420849,-0.0382761307484001,83,-30.0
0.5400000000000001,1.50642847764549e-06,0.5337596087149781,0.0,6.200543872804979,6.283181126169856,0.0,1.0646463815180732e-05,1.846172761211931,-4.42014154746836,-28.802634888608587,-5.229514089164822e-06,0.0,0.3699624544912491,-0.5756439315303619,899.5868572072264,0.008558213630925765,84,-27.0
0.5400000000000001,3.957904302059343e-07,0.5322719662413499,0.0,6.1996433898422865,6.28318188843866,0.0,4.476228104875911e-06,1.8448481677489337,-4.418849689579136,-28.841719221927924,-1.6721931750494764e-05,0.0,0.3334045916063446,0.30810996433865295,901.2134889994845,-0.8216858357996872,85,-27.0
0.6000000000000002,1.0923048873231666e-07,0.6340431873346128,0.0,4.445509401492828,6.2831846031205245,0.0,6.63681318584572e-07,1.4478791430612523,-4.504210818194559,-28.82732558510944,-6.869077400292319e-06,0.0,0.24290016595602157,0.0028406224160663395,899.9668052512119,0.14115205689213878,86,-30.0
0.5400000000000001,8.397481928286585e-07,0.5298160761060309,0.0,6.203958742303674,6.283182898596955,0.0,5.956617248034625e-06,1.8371846241312286,-4.427101567789934,-28.806711587906918,-6.280425171217026e-06,0.0,0.37911042977079035,0.20832591586847538,899.757199765746,-0.1297868204903094,87,-27.0
0.5400000000000001,-1.4576365997983566e-06,0.5320126829979226,0.0,6.198604610107426,3.7984991596573536e-06,0.0,-9.762607059970615e-06,1.8435741976250735,-4.415977072833894,-28.82670702319955,8.83346766640945e-06,0.0,0.13353813873321616,0.21122070435806523,900.5603987759429,0.8444695132511371,88,-27.0
0.5400000000000001,-2.065533877399651e-06,0.5290054776581812,0.0,6.206772348153275,5.3199109659729515e-06,0.0,-1.3795873672015361e-05,1.8363183291871994,-4.431731379549352,-28.82672678935563,1.2256308384590114e-05,0.0,-0.21184971859693788,-0.3319711310083012,900.349639094687,0.2885267768290627,89,-27.0
0.6000000000000002,-1.123810911039686e-07,0.6306538024520477,0.0,4.444759687563028,2.731974317882191e-07,0.0,-6.778384190565069e-07,1.4409807140462982,-4.502809497982405,-28.81957306167689,1.7976164746974272e-06,0.0,-0.5073862414900419,0.3365695141337207,899.8766331277642,0.2119370102150565,90,-30.0
0.5400000000000001,7.699041918257335e-08,0.5334139066372608,0.0,6.205573861959769,2.365927508130028e-06,0.0,-1.0660043476895717e-06,1.846396852499017,-4.427793446855005,-28.835442075864073,1.9861359444356703e-05,0.0,-0.016241822850949876,0.4345450379171379,900.7864884989382,1.374453263006225,91,-27.0
0.5400000000000001,2.0829805218082362e-07,0.5344243634378569,0.0,6.209245483698663,4.68922392471427e-07,0.0,7.238343814231396e-07,1.848777130751366,-4.435125888214782,-28.821716283682477,5.907229719997947e-06,0.0,-0.2746949625571149,-0.24066920600381275,900.3122955903929,-0.09399231649471823,92,-27.0
0.6000000000000002,-1.3714586616071674e-07,0.6293553326256608,0.0,4.4370744710926004,6.283184690731105,0.0,-1.0315002312688958e-07,1.43524579592293,-4.49300832082784,-28.834136429505282,-3.210867941699084e-08,0.0,0.3278376508492998,0.7308380253734187,900.1924313377092,0.018177189118000134,93,-30.0
0.5400000000000001,1.85663612349865e-08,0.5301642803335688,0.0,6.207522739630954,6.2831852769206264,0.0,1.3970573690247063e-07,1.838878118749017,-4.434615667609197,-28.8245703491566,1.4193040178598856e-06,0.0,-0.1125499903308987,-0.48131308339363765,900.3590652021011,-0.21017222273196115,94,-27.0
0.5400000000000001,3.272885106350198e-08,0.5301165583221319,0.0,6.19590783748583,6.283185133253346,0.0,2.1971364578030728e-07,1.839125567726089,-4.412895601766154,-28.832575373074143,-1.0608323161115758e-06,0.0,-0.24107961909192985,0.2867850804634094,900.7597792516362,0.24311432462182542,95,-27.0
0.5400000000000001,-5.620303634401035e-07,0.5323772004876759,0.0,6.19868472844656,4.138801079633936e-07,0.0,-3.2359096290134643e-06,1.8433041698625734,-4.416186829984666,-28.801829558244805,-5.190218675615522e-06,0.0,-0.4853760175604849,0.4686506892585299,899.6038668200703,1.1657459115267572,96,-27.0
0.6000000000000002,-1.2633898654543597e-07,0.6297118511219282,0.0,4.453589250611827,6.283185034517549,0.0,-6.591344480893308e-07,1.443227001412224,-4.515722847587162,-28.81897016915798,-8.693103586800178e-06,0.0,0.6634757573858253,0.31931937974329005,899.8517393401019,1.0106370081616733,97,-30.0
0.5400000000000001,-2.3099685706564256e-07,0.5323306295976763,0.0,6.195971757718711,8.926409860166018e-07,0.0,-1.8499743768157258e-06,1.8421935292564238,-4.418746838931561,-28.818609503308327,3.5226331100721172e-06,0.0,-0.3224562781602879,0.4322560764236865,900.2286394067974,1.575400262226954,98,-27.0
0.6000000000000002,-3.467261999527174e-07,0.6328770937253513,0.0,4.432453568468198,1.5827958437242273e-06,0.0,-2.8584170045983677e-06,1.438803756843033,-4.490511745404167,-28.836620506726526,5.681117950993006e-06,0.0,0.08160414832807492,0.12325969715938428,900.3269608478419,0.7683477372252882,99,-30.0
0.5400000000000001,1.4989143220586111e-06,0.5307476330555357,0.0,6.196707613313473,6.2831814356681015,0.0,9.45855705308769e-06,1.83961899660045,-4.4169053534490414,-28.812649932498076,-1.4874313367701693e-05,0.0,-0.1872741837962857,0.024646613115394924,900.0479608695375,0.1257525063669156,100,-27.0
0.5400000000000001,-4.407843511287627e-08,0.5292652621283562,0.0,6.189645974682927,2.7382779421714076e-07,0.0,-1.832511016146113e-07,1.8367336216554986,-4.402303596698889,-28.82323292954974,3.7020455032423017e-06,0.0,0.4072966192763366,-0.2503127058674224,900.2665028468608,0.2363327279333645,101,-27.0
0.5400000000000001,-2.490992133915086e-09,0.5362434531325025,0.0,6.188069856890956,6.2831849120709045,0.0,3.1736659374227887e-07,1.8504395906746665,-4.400879612715015,-28.80449088799051,-2.5715857450610447e-06,0.0,-0.2713835591916907,0.13225698663631333,899.8062164879392,0.1413371640850459,102,-27.0
0.5400000000000001,-7.255961009870671e-09,0.5317043042497558,0.0,6.191120229501564,6.283185154437524,0.0,-6.421619340366527e-08,1.8420144788901496,-4.402765322544547,-28.804981824103386,-3.577702403475769e-06,0.0,0.45306866619981145,-0.006335473112565999,899.7709275690568,-0.20571028667888008,103,-27.0
0.6000000000000002,-2.2477163527171384e-07,0.6312874244532847,0.0,4.454679192387779,1.2101704651712453e-06,0.0,-1.8632082018011748e-06,1.446970155225086,-4.5187158080447505,-28.8197611191492,5.692352994978485e-06,0.0,-0.007793705244440698,0.14161423092507816,899.7418113562914,1.7359117737238294,104,-30.0
0.6000000000000002,-1.6615977896133342e-07,0.6288049626756019,0.0,4.427888378924223,5.980590822574072e-07,0.0,-1.410175103588943e-06,1.428676423439025,-4.480800272088221,-28.830006036164097,-9.816329267328964e-07,0.0,0.38694029818202036,0.08730748639465977,900.1661421255621,3.605560839757736,105,-30.0
0.6000000000000002,-1.1327988567248512e-07,0.6348146028407472,0.0,4.450481905898364,4.745349890811212e-09,0.0,-5.233680954966827e-07,1.4515215669075674,-4.511456832872772,-28.83078654277971,-1.807878278307295e-06,0.0,0.30086506501196164,0.16243405589152662,900.1417833628616,5.2758215738642775,106,-30.0
0.6000000000000002,2.0283065124990325e-06,0.6365185279001183,0.0,4.458268959548823,6.2831793400507685,0.0,1.3648512582086336e-05,1.4583362066299863,-4.52088431006233,-28.80712378275901,-2.1879355739267865e-05,0.0,0.6493725393430774,0.3859549449024782,899.5485252632448,-0.10993996763899466,107,-30.0
0.5400000000000001,8.759843592991789e-07,0.5365112150662603,0.0,6.244760906986062,6.283179209332605,0.0,8.68376439133744e-06,1.851819956901657,-4.498516784243951,-28.835059337987186,-3.2519267640958026e-05,0.0,-0.5708395577500498,0.27398385137366965,900.7104840465927,0.22974620764075493,108,-27.0
0.5400000000000001,3.341190861818631e-07,0.5309078753131096,0.0,6.191776961166829,6.28318447421753,0.0,2.1563799050218556e-06,1.8400084790900868,-4.4092150102706,-28.81485629358043,-3.0113018295639766e-06,0.0,-0.41038542790919863,-0.18718357528923868,900.2975417479264,-0.058741743513575764,109,-27.0
0.6600000000000003,2.0907646301239116e-07,0.6550970508585828,0.0,2.34948739028896,6.283184508567857,0.0,1.5598316614002936e-06,0.9459461196115593,-5.002466630181379,-28.750004373161655,-2.781644448433499e-06,0.0,0.06552796347190651,0.10005417310174713,899.4900637950298,20.07101914887438,110,-33.0
0.6000000000000002,-8.547353707296864e-07,0.46438393334902417,0.0,3.1607826313698713,2.2199139966261328e-06,0.0,-8.623848470263312e-06,1.2866553367913323,-7.33381821017644,-10.910319346108437,5.170524862600769e-07,0.0,-0.4776776926920442,0.0001973858947537932,900.2005679436879,897.8722112424942,111,-30.0
0.6000000000000002,2.638114420269304e-07,0.5282733777484642,0.0,4.3652872491816055,6.2831833911201596,0.0,3.7716225602736278e-06,1.517721707489919,-4.198745265007398,-19.956162987996507,-7.543671238127134e-06,0.0,-0.06428931311547445,-0.26420802889038036,900.1217960687867,897.3611373164638,112,-30.0
0.8400000000000004,-9.882019708682302e-06,-4.220388248110297,0.0,0.6655427274026975,9.589800895604128e-06,0.0,-3.8456228700256215e-05,-6.3436872912828255,-5.304464212088431,-28.022119008359414,2.7491687512207153e-05,0.0,0.5247444449350235,0.5920215657881838,899.444983344742,37.31857259334247,113,-42.0
2.640000000000002,0.0006245325277174695,-1.1251211048205254,0.0,0.5470403396412209,6.283140147791439,0.0,0.0007723096291018115,-1.9344137881652004,-9.605334685230181,-19.771861254257836,-1.5177665434349183e-05,0.0,0.5720468767539156,0.5867331105879623,899.8885826128583,839.2546812873859,114,-132.0
0.6000000000000002,3.0012072025987755e-06,-1.3201591655967824,0.0,1.5284918764626951,6.283168972211735,0.0,2.7779019204133027e-05,-3.5126856348983067,-5.076261648666001,-25.631549911788696,-8.444644737938443e-05,0.0,-1.0520575558057814,0.31432124593858773,899.9222036100538,35.69046189967945,115,-30.0
0.9000000000000005,3.7589756834250024e-05,-4.5140969996942815,0.0,2.6258806879453562,6.283156997375464,0.0,0.00018150225301328388,-8.955234472458104,-9.316108462129732,-4.426049760808793,-4.131433422255091e-05,0.0,-0.6652378005903005,-0.9985060827657459,901.0300701508068,899.5932864346704,116,-45.0
0.36000000000000004,1.0571334655650323e-07,-0.3298660681983034,0.0,2.297613124790349,6.283184746251948,0.0,1.3592352211910237e-06,-0.34421832580175676,-9.26709014835469,-5.776346633645546,-2.4820198229821654e-06,0.0,-0.03914610490672325,-0.04120623796061338,899.6825096578061,899.8592148814349,117,-18.0
0.36000000000000004,2.2287945573196673e-07,-0.03213101887049847,0.0,3.0550325678651653,6.283184411878704,0.0,2.5134398331986427e-06,-0.628444011126062,-8.236539693474612,-9.013019444807284,-3.0910032422190387e-06,0.0,0.22293918156405473,-0.17441862531337676,900.3382490439895,899.6554220273547,118,-18.0
0.5400000000000001,-2.2450540624179786e-07,-1.8774312301898473,0.0,4.34626871308021,7.806127442222532e-07,0.0,-1.8110906551671442e-06,-7.905950582869493,-5.688380797832113,-17.284999528004384,4.180826818284194e-06,0.0,-0.004391760567623127,-0.2795875919554671,899.8775746271325,632.1957311852723,119,-27.0
1.2000000000000006,-3.5727777122629054e-06,-4.2069811150604135,0.0,2.1861651076258344,1.1594153157545861e-06,0.0,-7.862703096881535e-06,-5.192715348594584,-6.40513353626672,-28.79058184230341,1.3627769660829023e-06,0.0,0.016570882351143262,0.249191667451127,900.3383931678111,68.55208222565405,120,-60.0
0.36000000000000004,1.0605688935520843e-07,-0.028223303998140506,0.0,3.064044548488596,6.283184984645793,0.0,1.114157466639451e-06,-0.6244195338654378,-8.219321517234244,-8.985244483390831,1.5672734171904133e-06,0.0,0.07946271048354317,-0.4729424291924631,899.8377722876642,899.5999808824273,121,-18.0
0.36000000000000004,-1.2295667056136807e-07,0.06850918998609064,0.0,1.612981037061819,9.323635721258938e-07,0.0,-1.8453079252704773e-06,2.4336367365799068,-8.38063668294958,-6.76239824197057,6.223213442608375e-06,0.0,-0.15863013903873496,-0.2848977130793603,900.1122627363771,893.7171209979714,122,-18.0
0.36000000000000004,7.582028446707705e-08,-0.7699203609763371,0.0,2.8962089997401392,1.3867395676214755e-07,0.0,5.085211533885857e-07,-3.6869166183544024,-8.037917348597473,-5.7761740251419225,5.218553857371116e-06,0.0,-0.010162609567548914,-0.483562326361908,899.8389987127777,899.9179461357036,123,-18.0
1.4400000000000008,-4.646840415893365e-05,-2.1892208576283547,0.0,4.407738129945816,1.5122478953522034e-05,0.0,-0.00014609947478667348,-8.663815096950634,-5.909059822353703,-11.909677476159583,9.500853771537916e-06,0.0,-0.45884732615825324,0.03710117158178188,900.0801950658885,833.8010017827734,124,-72.0
0.48000000000000015,-3.273855368611835e-07,2.149668242736256,0.0,0.6369689009070365,5.845555639538702e-07,0.0,-3.035421880680428e-06,9.221354875962852,-3.166402106964262,-3.5789923427042107,-5.370478919391077e-06,0.0,-0.7133921897013324,-0.40962323459159755,899.7418476581092,899.7715765851191,125,-24.0
1.8000000000000012,-0.0001055243744303166,-1.7787330773516081,0.0,6.053059136626416,2.537819344095027e-05,0.0,-0.00025177383144841067,-6.2136514064527555,-9.44347372673008,-21.317597103278636,2.276830619479284e-05,0.0,-0.47786479258260406,0.5770373790921586,900.113305344526,752.7673609443871,126,-90.0
0.48000000000000015,-7.895091335120541e-08,-1.2420966320063949,0.0,2.433246226965114,6.283185176890026,0.0,-1.5578418208842276e-07,-4.483790548134677,-4.039988778538125,-16.92953601712177,-9.55710485220644e-07,0.0,-0.040995785954047306,-0.17539150398550515,899.829608977741,899.9224921418328,127,-24.0
1.3800000000000008,-0.00014562320007550442,0.2280209547434973,0.0,2.46956882389717,2.3453171997367406e-05,0.0,-0.0003533528208136949,-3.3170056514132797,-11.123320754383261,-3.520036651327674,1.2849033622294468e-05,0.0,0.11749840789975588,0.0589387225870964,900.2321472408013,899.7173960640005,128,-69.0
0.36000000000000004,8.843713820067692e-09,0.5378607103102037,0.0,1.8092468676926607,6.283184614709517,0.0,7.247886225568339e-07,3.784099062173982,-8.532395521658325,-6.263654698408958,-6.347232327951347e-06,0.0,-0.36083707856409,-0.23428720339956918,900.8683972626696,899.856808031906,129,-18.0
0.36000000000000004,-4.7458747387090303e-07,-0.24086042678717315,0.0,3.6910223630866277,3.2528091313821506e-06,0.0,-6.610518577162248e-06,-3.5044235689763985,-6.845404265481255,-7.060782366895949,1.9946651088908047e-05,0.0,0.26423201376624683,0.8775222964103276,900.0598404064808,899.9104150500796,130,-18.0
0.4200000000000001,-1.1717610237592092e-08,1.4550158101729043,0.0,5.589429020211895,6.283185033347195,0.0,1.9629781366845546e-07,5.320984603565544,-4.030544917531186,-12.301236056065655,-6.819774756955736e-07,0.0,-0.44506151628510643,0.39710477209126394,900.7285386309336,899.9149752814736,131,-21.0
0.4200000000000001,3.1340238416323416e-07,1.4101170583617622,0.0,1.2861894744085696,6.283182523453291,0.0,4.801476076534242e-06,7.4554814521986215,-6.480569449605695,-5.293143136545353,-2.3098934637661117e-05,0.0,-0.6523284176805579,0.11159694989654242,900.4510204357103,899.9613646860371,132,-21.0
0.36000000000000004,3.9802972368626247e-07,-0.17048865780917163,0.0,2.9633352402862663,6.283183983690634,0.0,4.095872744006225e-06,-1.2517544621546635,-8.176919282369395,-8.720018261137007,-4.848210344921468e-06,0.0,-0.12257863193344347,0.11015092805926116,899.5472481705391,900.425009395403,133,-18.0
0.36000000000000004,4.343414686339999e-07,0.5205692725247669,0.0,1.4392447004783948,6.283183332512046,0.0,5.0822172216109885e-06,4.71539370440026,-7.293843208122936,-5.147347174022428,-9.039646695289636e-06,0.0,-0.2419193312527739,-0.3427568488654267,899.9180532495049,899.7349847848424,134,-18.0
0.48000000000000015,-1.3749672862260143e-07,-1.2044924286425753,0.0,2.8394289530245924,1.918403143008618e-07,0.0,-9.867713731051276e-07,-5.703833716388998,-7.358555402824619,-10.644289301009113,8.623220690499781e-08,0.0,0.15903922179791274,0.21885444370485607,899.8472785973833,826.5267217810714,135,-24.0
1.0800000000000005,1.2233143712734378e-05,4.9466752534795635,0.0,2.3536661493123106,6.2831811154494215,0.0,3.845460534505322e-05,7.437448696943764,-4.6261291231568,-12.55895741421006,3.0632007746958196e-07,0.0,-0.07021284941115043,-0.47750086780611306,900.0201132459574,867.4498223193121,136,-54.0
0.7800000000000004,1.7878674753714129e-06,1.6672019048259927,0.0,2.8995475365709833,3.868812115115361e-07,0.0,6.110492547088033e-06,2.976009766801253,-5.124612342717802,-9.934945082828763,8.692069696292907e-06,0.0,0.07135880641214457,-0.3764180389703517,899.5365466122953,897.5055885450198,137,-39.0
0.48000000000000015,1.1058934373800539e-08,-1.4098190274363573,0.0,3.576513005972192,1.3687531108530493e-08,0.0,-1.7058848366737346e-08,-7.163517326068727,-6.3221111923205076,-7.894580640127224,-5.964390496779016e-07,0.0,-0.22551403614830617,-0.025931651305216463,899.9933350531973,900.0696145990934,138,-24.0
0.4200000000000001,-7.47785535581133e-07,-1.2641196760181959,0.0,3.3750897904393007,4.094898662820867e-06,0.0,-8.884023322514369e-06,-6.124100278285101,-7.969716358859143,-3.7518602588111927,2.4547153090071145e-05,0.0,0.14136156059505064,-0.449947156684447,899.784671264407,900.2552460098048,139,-21.0
0.4200000000000001,1.7428608141675753e-07,0.8130621455420743,0.0,1.1780076942134858,8.964974540504045e-09,0.0,9.615014054316746e-07,5.980478288842989,-6.371405124526794,-7.387602876340154,3.4703165292520607e-06,0.0,-0.4110882836287906,0.8246187330005488,899.9813212342115,900.2218218909595,140,-21.0
0.36000000000000004,-7.031474630085595e-08,-0.6930533863611463,0.0,2.574534083861028,4.137354814304217e-08,0.0,-5.305692874112888e-07,-2.4759541131330893,-8.573621940846788,-6.003155093947098,-7.985934243465765e-07,0.0,0.07425802594352615,0.046725300861238606,899.070016405413,898.6433147564345,141,-18.0
0.6000000000000002,1.3597295136158276e-06,-0.2251391460369801,0.0,2.348664465072819,6.283182378148009,0.0,1.0810470938910364e-05,1.4989963730718892,-5.088120946723426,-11.5402731160293,-1.0603864176357449e-05,0.0,0.17975955161777468,0.16972310137006014,900.662399211528,899.8480259694252,142,-30.0
0.6000000000000002,2.535640483300313e-06,-0.3170629078649539,0.0,3.397090149452321,6.283180997641743,0.0,1.89856987405257e-05,-2.5235077324095654,-7.834912730338379,-9.659122643566004,-9.151404944678481e-06,0.0,0.4015403055025215,-0.2251881481743113,900.2227614243172,899.8040790079524,143,-30.0
0.4200000000000001,-1.8502232246793224e-08,0.8227546768526749,0.0,1.7341364058970026,6.008940633961402e-08,0.0,-1.862186813263331e-07,5.470590354811126,-6.9228441076620495,-9.218452981118892,2.1796396186543653e-07,0.0,0.3292941319823153,0.09382044795223884,900.0751831716478,900.2576720407977,144,-21.0
0.4200000000000001,4.7288794847399734e-08,0.39991379015957057,0.0,2.8796536675429536,6.283185084068553,0.0,5.749747156406662e-07,1.691891550487534,-8.561078723257998,-10.767119978512003,-8.846122106836257e-07,0.0,0.40782596738142163,0.6659660070878827,899.8322201620545,898.0213038002996,145,-21.0
0.8400000000000004,2.611798868064258e-06,-4.401293502408324,0.0,3.9517839224059337,6.283178230556997,0.0,2.1805077340390533e-05,-11.574961589246614,-3.8991875866895724,-7.272257860684364,-2.4942038142961445e-05,0.0,-0.21795386682027842,0.30891586339921234,899.995885862485,900.3051306676717,146,-42.0
0.7800000000000004,4.577055348693478e-06,-0.6349720562298025,0.0,4.15856010245653,5.998625960401682e-07,0.0,1.2791123885927636e-05,-2.0002715256360277,-7.358638186577763,-11.926580454007652,9.134699740293604e-06,0.0,-0.25791816573369,0.14907329879659814,900.0589917869128,896.3029851891765,147,-39.0
0.7200000000000003,-2.9549191005845642e-05,-3.247573061787165,0.0,2.6976027402626492,2.5235273293233718e-05,0.0,-0.00015498046344054558,-7.589928714397244,-9.47375958900654,-4.1014084590942055,4.6769028642467615e-05,0.0,0.16242616361367276,-0.0031137057934514933,900.1726737060028,899.6321134944093,148,-36.0
2.760000000000002,1.105918665199055e-05,14.314603325239286,0.0,3.6439994976945442,6.283180602770781,0.0,4.1287490930618714e-05,2.7210721497435593,-11.025374302954543,-28.82673598695762,8.51651963078451e-07,0.0,-0.3257182444172305,-0.2157937637315615,899.8096024779861,-0.28129196342132046,149,-138.0
0.8400000000000004,2.2750171702293393e-06,-1.9526096393368557,0.0,1.3795496046202143,1.3512690362205149e-06,0.0,1.8689731438391478e-06,-0.9223711852073857,-8.715304122281939,-6.998159347009901,4.4479760890651025e-06,0.0,-0.400525944136052,-0.12386786311682776,899.2647285010515,899.4605980921662,150,-42.0
0.4200000000000001,-2.01771815805737e-08,0.655034615089966,0.0,1.9184759614185278,2.6228303973141465e-08,0.0,-1.467564745029328e-07,4.173329531058703,-8.421804105178293,-8.149068967588702,7.695287498106864e-08,0.0,0.3554352335215135,-0.06352827646632407,900.0927936629234,900.1240659003215,151,-21.0
0.8400000000000004,-7.788937885000483e-08,0.7100388458253807,0.0,3.0305565061901376,6.283180253751892,0.0,9.324045022313966e-06,1.4062110748339716,-3.8733732395985605,-14.762829250326917,-2.7180474661630592e-05,0.0,-0.45346944925228794,-0.017945507029524375,900.3934337689253,899.3111361809874,152,-42.0
0.4200000000000001,-9.09260004590778e-07,-0.5566926959602825,0.0,3.566333869173844,3.802690099696804e-06,0.0,-9.696770463234785e-06,-4.578764208643805,-7.325516890746886,-7.999328837835417,1.9110447705587086e-05,0.0,0.2920069560417814,0.8485725198752841,899.5542178746576,900.1949566003881,153,-21.0
1.9800000000000013,-2.192127582450466e-06,2.0611083059653215,0.0,1.3491471937486441,6.283181394245858,0.0,-9.183098573764033e-06,1.9175640291129514,-8.190314416649873,-28.855967614111368,-3.460496047017194e-05,0.0,-0.7843433256311205,-0.09846942390149141,900.6342727484828,-0.33546589140226624,154,-99.0
0.5400000000000001,-9.61135781449345e-07,-0.16819550842918668,0.0,2.076124037393196,6.060925972661835e-06,0.0,-1.3102082031919027e-05,1.655942780771616,-6.172490101692932,-9.955946816195242,4.071956054022795e-05,0.0,-0.4490503715033688,-0.7946455907427051,899.6963146122382,900.0023956554976,155,-27.0
0.5400000000000001,4.80930692957571e-07,1.2240733819971477,0.0,1.3726722992802785,6.283182971140084,0.0,5.884470682168054e-06,6.531071792280186,-5.46130773178628,-13.343886676111754,-9.437393126443265e-06,0.0,0.5976348192935937,0.6154596494756234,899.9357205668522,857.5012909380257,156,-27.0
1.2000000000000006,-2.211833500656305e-05,3.7569820890027024,0.0,2.7678997796465055,5.954760430526562e-06,0.0,-6.090339130177198e-05,2.7510160942634414,-4.38715500727413,-27.782884156342984,-7.91471008591551e-06,0.0,0.49877501999415447,-0.32387470557578185,900.3945249820855,21.103927360977487,157,-60.0
0.5400000000000001,1.1347429096702902e-06,0.22092701563224007,0.0,1.2995277393187203,6.283179436567041,0.0,1.4216752444854241e-05,3.244676816940612,-3.9715060348485944,-9.684648452970025,-2.9811929534948036e-05,0.0,0.48622639850800586,0.5926312550269266,899.312320236785,899.6111604356952,158,-27.0
0.48000000000000015,-6.912836723041585e-08,-1.6540216285800893,0.0,6.206823146945428,6.2831851227157145,0.0,1.750644869800116e-07,-5.67684567199659,-3.1816552841444796,-11.02831469870784,-1.692847138427261e-07,0.0,-0.21398246512703065,0.11483201921301585,899.8709161104255,899.8426444965249,159,-24.0
0.6000000000000002,2.6163296436960404e-07,0.5976200422765185,0.0,4.405870906730232,6.283184168165301,0.0,2.0772762624944047e-06,1.3619630936662053,-4.434311506258452,-28.841309537107563,-2.205205404942901e-06,0.0,0.17701031354166283,0.42713740538788,900.5759630875801,0.2965993104605932,160,-30.0
0.6000000000000002,3.7869031496328937e-07,0.633497806999498,0.0,4.451193960197909,6.283183860351709,0.0,2.8103606095143213e-06,1.4500987798423197,-4.511034178912661,-28.830163950043936,-2.7745535799191205e-06,0.0,0.013508483392216263,0.4220767873232202,900.0961659921657,-0.1807380940777102,161,-30.0
0.5400000000000001,6.848112741773915e-07,0.5373437743874863,0.0,6.251609510493326,6.283184942282883,0.0,3.707111295318437e-06,1.8524621739852742,-4.511686049204502,-28.818378292555316,9.393708775043503e-06,0.0,-0.21676160338319014,-0.4972578795922328,900.1678479266523,-0.3499271516239387,162,-27.0
0.6000000000000002,-3.202073452909551e-06,0.42547645470802276,0.0,4.375134167865909,5.720096232231242e-06,0.0,-2.377948717771299e-05,0.7100783125886775,-7.206655622495234,-13.7890860856596,1.3596068297923855e-05,0.0,0.13188458974230596,0.06314654598447306,899.618465869721,897.193315637756,163,-30.0
1.1400000000000006,-5.7889416494879625e-06,-2.753718489431039,0.0,1.9646948525741106,1.073182430921804e-06,0.0,-1.494571116708249e-05,-0.3896357795851504,-11.168902831750525,-7.830454729917871,1.6350371734673253e-05,0.0,0.2666966448818534,-0.9253543190157836,900.1382704809914,899.5353397005199,164,-57.0
0.9000000000000005,-1.1372671950557117e-05,-4.661165104892666,0.0,3.450867651030908,5.489707453065762e-06,0.0,-4.605505132931524e-05,-12.396204466177439,-5.304069847496065,-5.585452869425967,2.977577104415312e-08,0.0,-0.14392987775203972,0.3393343032360495,900.304130371739,900.1236281529797,165,-45.0
0.5400000000000001,6.624726059439388e-07,-0.37651012013101975,0.0,3.915475971479772,6.283181331363462,0.0,6.493244947678845e-06,-1.3394527619463534,-4.074133255418621,-28.815202729739646,-1.4665158101313819e-05,0.0,-0.01688576191435067,-0.07723386438217336,900.2090177655932,-0.0298363065957008,166,-27.0
0.5400000000000001,9.38169275110387e-08,-0.408048546145153,0.0,4.643169267058681,7.896846199173524e-07,0.0,-5.79318975196095e-07,-1.2537284934077362,-4.075598591473701,-20.027405343101762,3.0897999959717417e-06,0.0,0.5104679868166012,0.0010303396670876541,899.9250749796662,901.1655479178154,167,-27.0
0.5400000000000001,2.7659917696076856e-07,0.5356034455541985,0.0,0.19399203272322296,2.82945491747455e-06,0.0,-2.1828884233102596e-06,1.7459260566837405,-4.711996502025319,-19.911894658366688,1.99120696544945e-05,0.0,0.3380021454931141,-0.4106393168422111,899.9305667865837,899.9897447298325,168,-27.0
0.6000000000000002,2.057850468397371e-06,0.6271011602328195,0.0,4.426566135503553,6.283181360809868,0.0,1.1870994997705462e-05,1.4248847361455699,-4.480084388265455,-28.837058808839153,-7.36351022114485e-06,0.0,0.09290633701177788,-0.127003366627873,900.4763152230653,-0.16783881311046045,169,-30.0
0.6000000000000002,3.0258868851004885e-07,-0.1958594781725774,0.0,2.3740039119758602,6.283184745105096,0.0,2.4127535746757345e-06,-1.0408963961543098,-4.554010071018097,-28.827572098758953,7.033904052952761e-06,0.0,-0.19721074272511344,-0.3832710115843432,900.0630478171591,-0.49678066866952075,170,-30.0
0.5400000000000001,1.539830877809874e-06,0.531115230153087,0.0,6.191140292879744,6.283177649767035,0.0,1.3295937125132107e-05,1.841069400414957,-4.4032100335792705,-28.809866963351727,-3.058715598649342e-05,0.0,0.37033253734297683,-0.2142633389005279,899.9080595170796,-0.23152637369883516,171,-27.0
0.48000000000000015,-3.26211174189821e-07,0.9211830905723039,0.0,1.67121629928777,3.526614387183713e-07,0.0,-2.402319012535357e-06,4.850301565959276,-7.224079584553972,-9.448604132317799,-1.7123053012866025e-06,0.0,-0.13651427418640966,0.22141963885388866,899.798837826411,889.5270613405388,172,-24.0
0.5400000000000001,-6.39138805879396e-07,-0.07004860397507996,0.0,1.5910400353230898,6.283184430950575,0.0,-1.66171030657708e-06,-1.9011715735868815,-6.780936709167516,-23.81617110096859,-5.962245578515561e-06,0.0,0.23929532945960805,-0.4002291555302191,899.7287439533562,0.427778758222694,173,-27.0
0.5400000000000001,-2.3243031477365087e-06,1.408749496520687,0.0,6.280407942960629,3.2434197470010417e-06,0.0,-1.4321152465404804e-05,5.4531053490589025,-5.283183290123871,-20.21141602960563,5.574426085347649e-06,0.0,0.21854369730517184,-0.27026069870574415,900.081341791393,296.93572061477465,174,-27.0
0.6000000000000002,5.105597531044448e-07,0.6335062322516964,0.0,4.44928512694397,6.283184714880434,0.0,2.207384201585627e-06,1.448555268519037,-4.507448110866578,-28.79920605211379,-3.083520871535758e-06,0.0,-0.49530712809592164,-0.12239249804990338,899.0867534988898,0.39340631258513287,175,-30.0
0.6600000000000003,-3.81359643178941e-06,1.5681374893795317,0.0,4.454018693310065,4.30688753283448e-06,0.0,-2.544437746075157e-05,-0.12553724515732007,-2.547901352255178,-10.856420221081336,-4.075139886366646e-06,0.0,0.6691313428777048,-0.09610037920112321,899.4256630282961,833.0359614271928,176,-33.0
0.6000000000000002,8.832794828166533e-07,0.6315910171377436,0.0,4.444290200603312,6.283183247186766,0.0,5.665286792210858e-06,1.44282878554912,-4.502109515811374,-28.835503614007646,-2.960280758393039e-06,0.0,0.19624243516480913,-0.4802481745438412,900.3307536378915,-0.21784349685583,177,-30.0
0.5400000000000001,3.459432895582971e-08,0.5064245195959369,0.0,3.8584640674714983,4.485412485877305e-08,0.0,6.383998053268777e-08,1.308696521587195,-5.733857012021817,-16.01780843584609,2.6081477524375104e-06,0.0,0.31963253006812115,-0.47948751969098014,900.4217129934796,878.2914882235533,178,-27.0
0.6000000000000002,-1.4210686217974072e-06,0.6957345454205707,0.0,4.100210699669908,5.615417366655606e-06,0.0,-1.534133129485326e-05,2.2673659707611966,-4.920944384062202,-15.010425124355002,2.7578927711910574e-05,0.0,-0.20709816232715558,0.7950492808842162,900.1262292155765,899.6721982826053,179,-30.0
0.6000000000000002,2.3477948600360906e-06,0.9790085027828883,0.0,0.056251486913700965,6.283168860207196,0.0,2.451743306141331e-05,2.9206477542436344,-4.8580648573820335,-28.794384475646112,-6.886634637601317e-05,0.0,0.4335154532608846,-0.273680622864688,899.68605208622,-0.40966619335048404,180,-30.0
0.5400000000000001,6.404717798725916e-08,0.49051972600972454,0.0,4.657125731659431,9.89989478838993e-07,0.0,-1.1127194076711063e-06,0.8409006099802825,-5.614909609909573,-15.532922084315212,5.126878632918446e-06,0.0,-0.35861552498918736,0.320638798104516,900.3681630230435,899.7853748239378,181,-27.0
0.48000000000000015,1.8601753984337452e-07,0.5292584851105572,0.0,4.4384194817287295,6.2831846948608,0.0,1.3924569351777884e-06,1.2963974396853424,-5.021232093647172,-28.71410921355265,-1.2729943353053662e-06,0.0,-0.1523987970894682,0.16097256014692155,899.832241674955,35.24931639426265,182,-24.0
0.36000000000000004,4.926539273773934e-08,0.07247475483832594,0.0,2.801258132909725,6.283184749401871,0.0,6.292835352534767e-07,-0.029312801197220555,-6.342128771470162,-27.439805630664974,-2.8141223320620367e-06,0.0,-0.03953437419859759,0.48142805872309524,899.9033272650439,0.251766807175638,183,-18.0
0.6000000000000002,7.667295320267244e-07,-0.31443444842927404,0.0,2.796493741163953,6.283182682208194,0.0,5.521148039313659e-06,-1.1239972806582843,-4.583588354236104,-28.82730646770841,-5.035778523694913e-06,0.0,0.17176482986971933,-0.5679867059828871,900.1507080075994,3.6912306655661276,184,-30.0
0.5400000000000001,4.777479576769844e-07,0.5339659068075528,0.0,6.206013467728189,6.283182980154486,0.0,3.96725096110924e-06,1.8457642583223208,-4.432540940574675,-28.79957878531306,-1.1538266665609858e-05,0.0,0.4698392244805762,-0.22225043399303093,899.7345798031956,0.1140909318848495,185,-27.0
0.5400000000000001,-2.3615782670358563e-07,2.3449583579232027,0.0,1.54206178771312,3.5913097207185274e-07,0.0,-1.3479233204941384e-06,8.601616506404858,-3.202157858720758,-13.653929265292453,4.327164061270123e-06,0.0,0.42886411358368437,-0.5382181949344709,900.3549480468602,899.82663194407,186,-27.0
0.5400000000000001,9.673714928407365e-07,0.5386984010014341,0.0,6.2269004000259685,6.283181465075053,0.0,7.4999554427777195e-06,1.8559635109227004,-4.467257675349177,-28.81668629181766,-1.890856832454233e-05,0.0,0.7880344114571681,-0.37807426128597854,900.0401805710873,0.6037621487275637,187,-27.0
0.48000000000000015,1.1132479119291831e-07,-0.10990002430876829,0.0,5.044001479317387,6.283184492385708,0.0,1.1296816775857373e-06,-0.4749671006557362,-4.475275726879411,-28.76605005124971,-3.836388925169141e-06,0.0,0.04928995841600431,-0.400190450839236,900.3147576745046,0.2845014288212986,188,-24.0
2.2800000000000016,-0.0004956681359674388,-9.632003966371682,0.0,2.140423489006203,3.087884308783373e-05,0.0,-0.000700837938167423,-10.10322809734986,-12.61100266547998,-4.005278366283732,1.7149152370783435e-05,0.0,0.4390807978345588,0.4615792177721279,900.6501248541814,899.5643509156666,189,-114.0
0.6000000000000002,4.943655841455329e-07,0.012881658940918299,0.0,3.2028171406465304,6.2831841381873765,0.0,3.6732194941990278e-06,-0.5697526843103137,-4.716367117621681,-28.81090349600539,5.060497397326488e-06,0.0,0.24374381856865796,-0.7071247274036927,900.5625157294497,-0.29166616398690287,190,-30.0
0.6000000000000002,-1.179280549111839e-07,0.4076853257357777,0.0,0.023598948475820336,5.214662222030597e-07,0.0,-1.5640316409386643e-06,0.19961960025287556,-1.6465825230619187,-10.777350792215932,2.1410913613268806e-06,0.0,0.26209428240309085,-0.4417054174312841,900.0735136386807,899.5184077330996,191,-30.0
0.4200000000000001,-7.85363551151585e-07,-0.40033268694918206,0.0,3.028527500498914,3.150020010167509e-06,0.0,-8.404671734844777e-06,-2.9734289711797395,-9.020522024693614,-7.468422548752311,1.3093092745667145e-05,0.0,-0.05430322297661433,0.490834406072282,899.8158504320338,899.9702782996237,192,-21.0
0.4200000000000001,-1.3607751617787178e-07,-0.6120558572709128,0.0,3.32356707865517,2.497221007757844e-07,0.0,-1.0615344751063813e-06,-4.44263076919234,-7.801442260804165,-7.498862598635608,6.155447400886756e-07,0.0,0.2953325971435914,0.3218735865813589,899.7565058320096,899.922065603938,193,-21.0
0.5400000000000001,9.340960434820074e-07,0.535210819098272,0.0,6.200728044962228,6.283181000167421,0.0,7.94165747592102e-06,1.8495074990010323,-4.423185873163226,-28.819545833756194,-1.8582861269094288e-05,0.0,0.6010915232673635,-0.03450021622701335,900.1589534554555,0.24248573091588022,194,-27.0
0.8400000000000004,-7.414851752011011e-07,1.57344946911812,0.0,5.248400779752956,1.4194898678709933e-07,0.0,-1.9363892350816487e-06,3.913363482164591,-1.6590392958636004,-26.985620244152145,6.28591327105866e-07,0.0,-0.32446506411823695,0.07722700067669563,899.6403601127613,349.30681410770063,195,-42.0
0.7800000000000004,-1.2231607670029543e-06,1.300438018987061,0.0,5.2391871456550945,2.736128065450316e-06,0.0,-9.315197250438e-06,1.7126274997418043,-2.618278852937731,-13.485125821718572,9.154941359748357e-06,0.0,-0.4339299141842292,0.14863452397034893,899.8671208931848,899.9866276599727,196,-39.0
0.6600000000000003,9.20932810502001e-08,-0.3528331012896061,0.0,5.211535283202952,6.283184548022152,0.0,1.2761540746241896e-06,-1.2364907173374626,-4.8769898068965984,-28.733286056253224,-2.653232461600159e-06,0.0,0.19162892861521078,0.1614276450771493,900.4536564652577,0.8848682959985114,197,-33.0
1.0200000000000005,-4.1368205447139665e-06,-4.1682569552546775,0.0,2.543268459033907,1.1643609507672181e-06,0.0,-1.3104901352078345e-05,-8.041557932994158,-10.134190920773014,-4.089559471436509,1.209647869470757e-06,0.0,-0.15817111234700307,0.409462855078487,899.710219594492,899.7518495453741,198,-51.0
1.1400000000000006,-1.576717543222799e-05,-4.629551960545199,0.0,2.303433990241322,6.073032217557284e-06,0.0,-5.594013873266299e-05,-6.80782759785442,-11.311186335979118,-3.782480843952537,9.586758186974462e-06,0.0,-0.4108485268096379,0.5802204603713597,900.5140579184261,900.20330669839,199,-57.0
0.48000000000000015,-1.8073287595729284e-08,0.4764352578454239,0.0,1.007726083975614,1.4015692961777404e-07,0.0,-8.234153302897384e-08,1.3475441155364318,-5.750467478171585,-25.563098211778907,4.42337939813515e-06,0.0,0.19219973848885727,0.49118251254258927,900.3182750787819,-0.41917257298500593,200,-24.0
0.4200000000000001,-6.642749345850153e-07,-0.38332050200729795,0.0,3.275355502743704,1.22445941830307e-06,0.0,-5.2018956287644675e-06,-3.3112252424204134,-8.592410468989595,-8.123538641237452,2.928597120811874e-06,0.0,-0.01183953298273897,0.31112722978537005,900.5577851438563,900.0019087047582,201,-21.0
1.620000000000001,-3.703599460007155e-05,-5.394315032114036,0.0,2.391352670690411,7.462984032535758e-06,0.0,-8.391048437785418e-05,-7.83188427596159,-10.85624086268329,-3.6713006475556083,1.5021246933797907e-05,0.0,0.04101247735020661,0.12397771924455261,900.7213899565232,900.5194860768206,202,-81.0
0.7200000000000003,-1.80291949229516e-05,-0.45646543040462756,0.0,4.3564644190988755,2.6815380241629327e-05,0.0,-0.0001229633737018002,-6.208557417597346,-3.6905792873773096,-7.891701656011316,7.326102116087067e-05,0.0,0.14877221176887914,0.23183074743656723,899.9169377274408,899.8409444628011,203,-36.0
0.5400000000000001,1.600482024045051e-06,0.5352363396720595,0.0,6.200247213494196,6.283179729658002,0.0,1.2268929320147634e-05,1.8484951816926813,-4.421467826867542,-28.808433652659566,-1.4753252107300184e-05,0.0,-0.14015538852441456,-0.10059953159991114,899.9399136394859,-0.45717067427635505,204,-27.0
0.5400000000000001,1.5067882596152504e-07,0.7778209889663719,0.0,2.023573384322706,6.283184086459803,0.0,1.6209784998323071e-06,1.777450311835128,-5.529407359327902,-28.79859633644334,-7.911493438741716e-06,0.0,-0.44711768879769653,0.4494925133810199,900.3420791472067,-0.39010453310054116,205,-27.0
1.5000000000000009,1.3020993506350464e-06,-0.5734057166573481,0.0,4.32550308680087,6.283184541924431,0.0,4.667581333333354e-06,-0.5772815925956075,-6.649796907266069,-28.850636690782196,-1.046610264892578e-06,0.0,0.22262859446011235,-0.24545919882857534,900.5559582283299,0.4221131729462433,206,-75.0
0.5400000000000001,-1.7604334832494261e-06,0.9657569564766716,0.0,0.29366990199516874,4.498578757505811e-06,0.0,-1.1610036142910842e-05,3.5428492974498127,-6.366068288200207,-26.235041934975143,1.8002052436942122e-05,0.0,-0.1419187360914873,-0.4783732759583905,900.1722909639274,324.6857545510996,207,-27.0
0.5400000000000001,5.345046187727658e-07,0.5447449022593559,0.0,6.253597793709849,6.283183074927415,0.0,4.4704093625819644e-06,1.868048942422261,-4.515025218216209,-28.809186245995736,-5.883743411778196e-06,0.0,0.22268894411689819,-0.2900721295763088,899.8198253874236,0.5211947708071268,208,-27.0
0.48000000000000015,7.422814763855262e-07,0.15869375491740587,0.0,4.820345276398804,6.2831807224536185,0.0,7.2807269822622535e-06,0.2568545168763301,-4.8715656603256985,-28.75533916392458,-1.669558085288006e-05,0.0,0.18533887318867812,0.24295352758786692,900.2787761187618,0.0006067361132628124,209,-24.0
0.5400000000000001,-1.255418130438175e-06,1.14620235258051,0.0,1.2577512610908972,4.606303768639464e-06,0.0,-9.843675860159195e-06,4.75458321162436,-5.424030464781149,-27.645638150167994,1.335810903416978e-05,0.0,0.18551141910269667,0.04390947613412994,899.8875029563778,4.4857466881437675,210,-27.0
0.6000000000000002,8.195313640269884e-07,0.24698043259346084,0.0,1.884114754900958,6.283181194622923,0.0,7.958091682716937e-06,0.1887057734612279,-5.634550378267815,-28.80014750485379,-3.941371284961575e-06,0.0,0.20432307511113074,-0.7491787568786625,900.0535235515147,-0.5503396333127643,211,-30.0
0.7800000000000004,1.414533121251441e-06,0.10831020353234744,0.0,4.417354682594281,6.283182874585831,0.0,7.799015595899739e-06,0.13249020927097116,-4.969065136537418,-28.854217985969775,-5.602352622374258e-06,0.0,0.5033697909031196,-0.4608514718096643,900.872855811608,-0.1430130159512641,212,-39.0
0.7200000000000003,-1.9029451011115638e-06,0.3847447863019291,0.0,6.134800612883023,4.2246358029629505e-06,0.0,-1.2730478097582569e-05,0.6729459870586065,-5.952944992714795,-15.335014725258775,2.5601913449697935e-05,0.0,-0.20311094560085768,0.6807875488488446,899.5701309726744,899.9900778852965,213,-36.0
0.5400000000000001,8.017473497296524e-08,0.5179354986575786,0.0,3.892601831998981,1.5772560084670317e-06,0.0,-1.582511630108065e-06,1.5282940050639515,-5.3754157312449475,-15.74035610527977,1.5716077088003383e-05,0.0,-0.4635458877951496,-0.7469337053909171,900.4448754515817,899.3894713028334,214,-27.0
0.8400000000000004,-2.0075071042621225e-05,-2.5384576762183917,0.0,3.1310059226371045,1.0851956278479236e-05,0.0,-8.696398879152009e-05,-8.729768906199729,-6.909943169458852,-5.565630659832189,9.555658268828577e-06,0.0,-0.43043035577565514,-0.26392547416734236,899.964930248056,900.5950947153316,215,-42.0
0.6000000000000002,2.50028293082039e-07,0.631352672278549,0.0,5.351114709028339,2.107217343727541e-06,0.0,-1.1781287289721518e-06,1.6361965714862523,-4.502723713119246,-20.079184376771906,1.8464617213208536e-05,0.0,-0.04319557979958563,-0.496434514367888,900.0685396252275,900.494727795539,216,-30.0
0.8400000000000004,1.8147106415727942e-05,-1.5166718647197945,0.0,4.5185310354434645,6.283150901304136,0.0,0.00010151665585019456,-2.530019628444812,-4.67484529174516,-28.84050392220114,-6.838485714516793e-05,0.0,-0.02232195919527903,-0.3457451089444303,900.3226103584918,20.30237266337683,217,-42.0
0.7800000000000004,-1.0972511633118039e-06,-3.370881784287953,0.0,0.9622976671019146,6.283185220963585,0.0,-3.6384694279272535e-06,-7.482529798904221,-9.255031478151027,-14.385802578855888,6.983482666803812e-08,0.0,-0.24688149047987273,-0.3978354323359512,900.2356516392047,0.14584136314716162,218,-39.0
1.4400000000000008,-2.5050422294947437e-05,-10.041352503820397,0.0,2.338835928303668,7.339715048182427e-06,0.0,-7.592072706452448e-05,-11.127578169594738,-11.71366962750847,-3.9786013126160644,1.1599570884121912e-05,0.0,0.8400080206721648,0.9498508019190542,900.099861144682,899.843398238546,219,-72.0
1.0800000000000005,-2.825276242040493e-06,-4.2265788267863655,0.0,1.2145542232883546,6.283182601543654,0.0,6.336908438020437e-07,-7.143814252066052,-4.881404766742688,-28.747207263797957,-1.117060575796618e-05,0.0,-0.67015568031742,0.24929560424464905,899.7756820653238,-0.4515448026303511,220,-54.0
0.6600000000000003,-5.0683074221610255e-06,1.0981634840108696,0.0,3.5574845488547258,9.437260497513478e-06,0.0,-3.4309101263089846e-05,3.589178162961019,-3.7059113807655852,-19.543929785255497,2.20766409011567e-05,0.0,0.018399097642093097,0.33056939304735444,900.3265277525594,900.0388882191521,221,-33.0
0.5400000000000001,1.1790715540743075e-07,0.5468962547339008,0.0,0.7034295765485119,8.31612650742386e-07,0.0,-2.0985915469251003e-07,1.7954001761737053,-4.643660662266677,-20.068103689944454,1.0523952885441671e-05,0.0,0.10653932592870705,0.511545807963883,899.4325525300956,899.3079178365422,222,-27.0
0.8400000000000004,3.062625091118156e-06,0.2854110921799788,0.0,3.724377022731206,6.283181162979433,0.0,1.4853103206247325e-05,-0.02593981954220148,-4.785248114038159,-28.82747719732578,-4.454112892591109e-06,0.0,0.14342008146111973,0.3741164012489173,899.7374629816395,0.17436356986782697,223,-42.0
1.2600000000000007,-1.8198421636763815e-06,-4.163176359083153,0.0,4.07392152802263,1.8513183990265247e-06,0.0,-9.86472286007049e-06,-10.89842096872579,-5.334410560298837,-6.829867901827898,1.516352988312003e-06,0.0,-0.38693776596772456,-0.22849672806612606,900.174974830872,899.4215244842156,224,-63.0
0.6000000000000002,1.3292382151693036e-07,0.6333267510523923,0.0,4.452734602922501,3.848697716080096e-08,0.0,4.5903439664480543e-07,1.450218161177791,-4.514117381722345,-28.833879383990617,7.84439385955668e-07,0.0,0.05462316917996389,-0.053414349227606024,900.3121157292511,-0.4008637249718128,225,-30.0
0.5400000000000001,-4.3772233202378017e-08,0.5214579268646835,0.0,1.2750160461379973,2.2832720700805e-06,0.0,-2.663500503423661e-06,2.13017079619736,-5.014315591276509,-18.98617932633919,1.9147314615508252e-05,0.0,-0.11375460900820628,-0.5640844657718661,900.114588055107,715.4971084676467,226,-27.0
0.5400000000000001,1.6016260326214703e-07,0.533851408530952,0.0,6.223424217365537,6.283184859049349,0.0,1.081642512298146e-06,1.8464711163270653,-4.460179399928604,-28.82107201837048,-1.6178942840921496e-06,0.0,-0.2769578133743486,0.029349484409260912,900.1617140191481,-0.4687642173269033,227,-27.0
1.1400000000000006,2.3655529556863e-05,-0.19437209678685302,0.0,5.3894854627416535,6.283165048475823,0.0,9.354350127794749e-05,0.05544237594470021,-5.376669023274927,-28.815834240958086,-1.6932234017058274e-05,0.0,0.09045580366584906,0.40646620986415516,899.3916184339521,-0.09296845620115951,228,-57.0
0.6600000000000003,-8.919868837815899e-07,-0.6260937778024355,0.0,2.85805743849712,2.353555057510448e-07,0.0,-3.1253039136016226e-06,-2.4893229069349108,-9.061036324224267,-9.444476730085814,-5.783794863041762e-07,0.0,-0.20555937489682694,0.6328838818231246,899.4308275956182,900.2377531695936,229,-33.0
1.1400000000000006,-2.0392402645600818e-05,0.47706017969319653,0.0,1.5823329608447958,5.32009773568376e-06,0.0,-6.714247149723046e-05,4.224243433676003,-5.5134079562110525,-12.05149053833613,-1.5797436484474899e-06,0.0,-0.24788167460644517,0.00022328049346088258,899.8002688163917,895.6377089769089,230,-57.0
0.5400000000000001,-5.63326651233608e-08,0.46112824041738637,0.0,2.718368936848142,1.1946461331291403e-07,0.0,-6.116334363256318e-07,0.6447285869841318,-7.240125925638169,-14.902871557210148,-6.838345887155606e-07,0.0,-0.23624949039860074,-0.22444600806919943,899.7236156413679,821.5355665465106,231,-27.0
0.5400000000000001,3.6445349930316495e-07,0.5340275154202989,0.0,6.223425352960585,6.283182401918607,0.0,4.009715575949142e-06,1.8465511673399686,-4.461839582473817,-28.811392538478795,-9.564906637031986e-06,0.0,0.3981974630922475,-0.5987010563195578,899.998302985576,0.21427008428307873,232,-27.0
0.5400000000000001,2.472173291620193e-06,0.5338918139480675,0.0,6.201492370476068,6.283173502507708,0.0,2.1092928415476172e-05,1.8466708825209899,-4.42268058189631,-28.813398067406204,-4.119412995680681e-05,0.0,0.22844712289999736,0.42012265012115485,900.1372615529734,0.17631275925771284,233,-27.0
0.6000000000000002,2.737525997977234e-07,0.08053304982518962,0.0,0.008753657158019124,6.283182662227411,0.0,3.461089814041831e-06,0.1647847867567119,-5.447673780854801,-28.65047717237766,-1.606429541617648e-05,0.0,-0.654982812925677,-0.42259210915428813,900.34151644416,0.5485254884835722,234,-30.0
1.0800000000000005,-1.7020258753013068e-05,0.1855825933215605,0.0,6.007489511722245,1.370202589878744e-05,0.0,-8.334020147104971e-05,1.063420411377516,-0.6904202891904027,-8.812211622342788,4.284631416002007e-05,0.0,-0.06835669884686073,0.8269914196669251,899.0464176948102,897.947004763555,235,-54.0
0.6600000000000003,-4.1594769324095035e-06,-0.8545817055029157,0.0,2.8776311290049996,3.0355747364652075e-06,0.0,-2.1460200185971015e-05,-4.6969937408890035,-9.309879926079441,-6.343700090778865,3.5122282376454885e-06,0.0,0.07775903944358879,0.15646057052542045,900.2084445566601,899.9916472636486,236,-33.0
0.8400000000000004,3.809090229039414e-06,0.5459279349968946,0.0,0.0918938590979419,6.283180992455545,0.0,2.1815068624734212e-05,-0.5116257080767903,-3.585133744128535,-12.698117369120421,-1.310749463380741e-05,0.0,0.5434903478054811,-0.2701204887827606,899.7200375547267,899.8468144641188,237,-42.0
3.000000000000002,0.002151816398858874,-1.870129945095965,0.0,3.8464585445036974,6.282957215346904,0.0,0.002866682862275463,-0.2207243965254353,-13.370068864215805,-14.981982793352138,-0.0001357031400621917,0.0,0.44963447694829906,-0.11483157038905509,899.9756957561748,899.6650543376894,238,-150.0
0.7800000000000004,-5.590378617163729e-06,1.9758554791622571,0.0,2.9330132298981866,7.971421154273628e-06,0.0,-3.274906529581891e-05,7.273884729314883,-6.646199228161783,-13.22703710832689,2.4018125555741635e-05,0.0,0.28580766209093444,-0.1749642847138824,900.0985485569403,459.81609638432093,239,-39.0
0.9000000000000005,-6.4375560226026605e-06,-1.6191710046677268,0.0,2.0368774614232343,6.283184447596799,0.0,-1.345653515627582e-05,-2.165198610913233,-11.104795075974707,-4.388931313836191,-1.5622639398716896e-05,0.0,0.9314396400956947,0.113974297459193,900.0834773158721,899.924267988081,240,-45.0
0.5400000000000001,6.545658469781515e-06,-0.2577992659771839,0.0,2.6327914501526415,6.28317283678026,0.0,5.108219020669476e-05,-1.4990126887861288,-9.524762277923601,-4.542119433962146,-3.291086679901709e-05,0.0,-0.10144733552381885,0.008870363635226294,900.596262324715,899.5338909483837,241,-27.0
0.36000000000000004,1.858406930961235e-07,0.9841316433521604,0.0,1.584443761189723,6.283183078088992,0.0,3.2355427005105746e-06,6.333318747061376,-6.54040094323004,-3.213918692073338,-2.172661711687812e-05,0.0,-0.6342362087163413,0.15017869894581978,899.9205339837996,899.5871467725739,242,-18.0
0.4200000000000001,-9.330066101784791e-08,1.6296046620688323,0.0,1.144796366610894,2.0063983541263042e-07,0.0,-7.770635876691178e-07,8.441596878381745,-4.808603829743886,-3.2619631865200547,5.65301562976884e-07,0.0,0.05187843519773831,0.5801810854500691,900.1219019363346,886.0912282262244,243,-21.0
0.7200000000000003,4.391187527083909e-07,0.8306096692353028,0.0,2.3714308198258554,6.2831850357550465,0.0,1.0683511605663585e-06,0.6339932428778867,-10.166960509102918,-4.8670616619952005,-6.4897159836899125e-06,0.0,-0.5649602286146533,0.13618970597323152,899.8792070506554,899.892979125518,244,-36.0
0.7200000000000003,-5.377032148585118e-07,1.6948520025436853,0.0,0.0500864481690968,1.2778289004700127e-07,0.0,-2.3848513278212827e-06,4.302108001041774,-9.1745231652253,-12.788908597658882,-6.671823475030114e-07,0.0,-0.0156438650387882,0.2946337266596949,900.3674372672293,591.7414870589062,245,-36.0
0.36000000000000004,3.196266505190963e-07,0.8966935897512515,0.0,1.7038157519418116,6.28318371859255,0.0,3.822381193313923e-06,5.868808545565785,-7.213782593761801,-3.172346879584176,-8.615146442627604e-06,0.0,-0.26146871320378295,0.01846111189444262,900.3247550174867,900.7112259254777,246,-18.0
0.36000000000000004,1.0208370749696016e-06,-0.29379476824091777,0.0,2.756357463812437,6.283177247667503,0.0,1.4554391327795221e-05,-1.177166116041681,-9.67087422961275,-3.7098147663566756,-5.390161974938428e-05,0.0,-0.5617914630933667,-0.19859306610842614,900.146386916311,900.4458391542919,247,-18.0
0.36000000000000004,-1.876823245565461e-07,0.31764013538899405,0.0,1.7071841135804284,1.4194686217550156e-06,0.0,-2.549999190477108e-06,3.5833231070666347,-8.384083291638616,-5.0272684595077415,1.3117610875863013e-05,0.0,0.06674350599130334,-0.4882273252926191,900.0308661375786,900.0614104525595,248,-18.0
1.4400000000000008,-2.2444040526575447e-05,-5.640265479255403,0.0,1.5430842650505605,3.761102500554614e-06,0.0,-6.282219405681005e-05,-4.5943475643107785,-12.163783328541523,-4.674117663374385,-1.2255029118476712e-05,0.0,0.7632777721651042,0.20003045528570784,900.0108774491321,899.8347217280541,249,-72.0
1.2000000000000006,2.5297976422342162e-05,-3.732861183510862,0.0,2.276613737703661,6.28317577666251,0.0,8.83841521519216e-05,-6.22091720119391,-10.758268643475482,-4.141917775686942,-1.563871952757266e-05,0.0,0.5724204068254517,0.1457886341480942,900.9119047740826,899.6698511850258,250,-60.0
